tempCodeRunnerFile.py=1647855128.323286
test.TXT=1647855344.6492226
test2.TXT=1647855348.047223
test3.TXT=1647853537.3826377
