New Text Document.TXT=1647857808.5966194
old packages.TXT=1647857895.4047875
tempCodeRunnerFile.py=1647855954.0569339
test.TXT=1647857727.8060164
test2.TXT=1647855348.047223
test3.TXT=1647857181.16232
