tempCodeRunnerFile.py=1647855954.0569339
test.TXT=1647857074.9498193
test2.TXT=1647855348.047223
test3.TXT=1647853537.3826377
